21 21
0.00226757 0.00226757 0.00226757 0.00226757 0.00226757 0.00226757 0.00226757 0.00226757 0.00226757 0.00226757 0.00226757 0.00226757 0.00226757 0.00226757 0.00226757 0.00226757 0.00226757 0.00226757 0.00226757 0.00226757 0.00226757 
0.00226757 0.00226757 0.00226757 0.00226757 0.00226757 0.00226757 0.00226757 0.00226757 0.00226757 0.00226757 0.00226757 0.00226757 0.00226757 0.00226757 0.00226757 0.00226757 0.00226757 0.00226757 0.00226757 0.00226757 0.00226757 
0.00226757 0.00226757 0.00226757 0.00226757 0.00226757 0.00226757 0.00226757 0.00226757 0.00226757 0.00226757 0.00226757 0.00226757 0.00226757 0.00226757 0.00226757 0.00226757 0.00226757 0.00226757 0.00226757 0.00226757 0.00226757 
0.00226757 0.00226757 0.00226757 0.00226757 0.00226757 0.00226757 0.00226757 0.00226757 0.00226757 0.00226757 0.00226757 0.00226757 0.00226757 0.00226757 0.00226757 0.00226757 0.00226757 0.00226757 0.00226757 0.00226757 0.00226757 
0.00226757 0.00226757 0.00226757 0.00226757 0.00226757 0.00226757 0.00226757 0.00226757 0.00226757 0.00226757 0.00226757 0.00226757 0.00226757 0.00226757 0.00226757 0.00226757 0.00226757 0.00226757 0.00226757 0.00226757 0.00226757 
0.00226757 0.00226757 0.00226757 0.00226757 0.00226757 0.00226757 0.00226757 0.00226757 0.00226757 0.00226757 0.00226757 0.00226757 0.00226757 0.00226757 0.00226757 0.00226757 0.00226757 0.00226757 0.00226757 0.00226757 0.00226757 
0.00226757 0.00226757 0.00226757 0.00226757 0.00226757 0.00226757 0.00226757 0.00226757 0.00226757 0.00226757 0.00226757 0.00226757 0.00226757 0.00226757 0.00226757 0.00226757 0.00226757 0.00226757 0.00226757 0.00226757 0.00226757 
0.00226757 0.00226757 0.00226757 0.00226757 0.00226757 0.00226757 0.00226757 0.00226757 0.00226757 0.00226757 0.00226757 0.00226757 0.00226757 0.00226757 0.00226757 0.00226757 0.00226757 0.00226757 0.00226757 0.00226757 0.00226757 
0.00226757 0.00226757 0.00226757 0.00226757 0.00226757 0.00226757 0.00226757 0.00226757 0.00226757 0.00226757 0.00226757 0.00226757 0.00226757 0.00226757 0.00226757 0.00226757 0.00226757 0.00226757 0.00226757 0.00226757 0.00226757 
0.00226757 0.00226757 0.00226757 0.00226757 0.00226757 0.00226757 0.00226757 0.00226757 0.00226757 0.00226757 0.00226757 0.00226757 0.00226757 0.00226757 0.00226757 0.00226757 0.00226757 0.00226757 0.00226757 0.00226757 0.00226757 
0.00226757 0.00226757 0.00226757 0.00226757 0.00226757 0.00226757 0.00226757 0.00226757 0.00226757 0.00226757 0.00226757 0.00226757 0.00226757 0.00226757 0.00226757 0.00226757 0.00226757 0.00226757 0.00226757 0.00226757 0.00226757 
0.00226757 0.00226757 0.00226757 0.00226757 0.00226757 0.00226757 0.00226757 0.00226757 0.00226757 0.00226757 0.00226757 0.00226757 0.00226757 0.00226757 0.00226757 0.00226757 0.00226757 0.00226757 0.00226757 0.00226757 0.00226757 
0.00226757 0.00226757 0.00226757 0.00226757 0.00226757 0.00226757 0.00226757 0.00226757 0.00226757 0.00226757 0.00226757 0.00226757 0.00226757 0.00226757 0.00226757 0.00226757 0.00226757 0.00226757 0.00226757 0.00226757 0.00226757 
0.00226757 0.00226757 0.00226757 0.00226757 0.00226757 0.00226757 0.00226757 0.00226757 0.00226757 0.00226757 0.00226757 0.00226757 0.00226757 0.00226757 0.00226757 0.00226757 0.00226757 0.00226757 0.00226757 0.00226757 0.00226757 
0.00226757 0.00226757 0.00226757 0.00226757 0.00226757 0.00226757 0.00226757 0.00226757 0.00226757 0.00226757 0.00226757 0.00226757 0.00226757 0.00226757 0.00226757 0.00226757 0.00226757 0.00226757 0.00226757 0.00226757 0.00226757 
0.00226757 0.00226757 0.00226757 0.00226757 0.00226757 0.00226757 0.00226757 0.00226757 0.00226757 0.00226757 0.00226757 0.00226757 0.00226757 0.00226757 0.00226757 0.00226757 0.00226757 0.00226757 0.00226757 0.00226757 0.00226757 
0.00226757 0.00226757 0.00226757 0.00226757 0.00226757 0.00226757 0.00226757 0.00226757 0.00226757 0.00226757 0.00226757 0.00226757 0.00226757 0.00226757 0.00226757 0.00226757 0.00226757 0.00226757 0.00226757 0.00226757 0.00226757 
0.00226757 0.00226757 0.00226757 0.00226757 0.00226757 0.00226757 0.00226757 0.00226757 0.00226757 0.00226757 0.00226757 0.00226757 0.00226757 0.00226757 0.00226757 0.00226757 0.00226757 0.00226757 0.00226757 0.00226757 0.00226757 
0.00226757 0.00226757 0.00226757 0.00226757 0.00226757 0.00226757 0.00226757 0.00226757 0.00226757 0.00226757 0.00226757 0.00226757 0.00226757 0.00226757 0.00226757 0.00226757 0.00226757 0.00226757 0.00226757 0.00226757 0.00226757 
0.00226757 0.00226757 0.00226757 0.00226757 0.00226757 0.00226757 0.00226757 0.00226757 0.00226757 0.00226757 0.00226757 0.00226757 0.00226757 0.00226757 0.00226757 0.00226757 0.00226757 0.00226757 0.00226757 0.00226757 0.00226757 
0.00226757 0.00226757 0.00226757 0.00226757 0.00226757 0.00226757 0.00226757 0.00226757 0.00226757 0.00226757 0.00226757 0.00226757 0.00226757 0.00226757 0.00226757 0.00226757 0.00226757 0.00226757 0.00226757 0.00226757 0.00226757 
