51 51
0.000384468 0.000384468 0.000384468 0.000384468 0.000384468 0.000384468 0.000384468 0.000384468 0.000384468 0.000384468 0.000384468 0.000384468 0.000384468 0.000384468 0.000384468 0.000384468 0.000384468 0.000384468 0.000384468 0.000384468 0.000384468 0.000384468 0.000384468 0.000384468 0.000384468 0.000384468 0.000384468 0.000384468 0.000384468 0.000384468 0.000384468 0.000384468 0.000384468 0.000384468 0.000384468 0.000384468 0.000384468 0.000384468 0.000384468 0.000384468 0.000384468 0.000384468 0.000384468 0.000384468 0.000384468 0.000384468 0.000384468 0.000384468 0.000384468 0.000384468 0.000384468 
0.000384468 0.000384468 0.000384468 0.000384468 0.000384468 0.000384468 0.000384468 0.000384468 0.000384468 0.000384468 0.000384468 0.000384468 0.000384468 0.000384468 0.000384468 0.000384468 0.000384468 0.000384468 0.000384468 0.000384468 0.000384468 0.000384468 0.000384468 0.000384468 0.000384468 0.000384468 0.000384468 0.000384468 0.000384468 0.000384468 0.000384468 0.000384468 0.000384468 0.000384468 0.000384468 0.000384468 0.000384468 0.000384468 0.000384468 0.000384468 0.000384468 0.000384468 0.000384468 0.000384468 0.000384468 0.000384468 0.000384468 0.000384468 0.000384468 0.000384468 0.000384468 
0.000384468 0.000384468 0.000384468 0.000384468 0.000384468 0.000384468 0.000384468 0.000384468 0.000384468 0.000384468 0.000384468 0.000384468 0.000384468 0.000384468 0.000384468 0.000384468 0.000384468 0.000384468 0.000384468 0.000384468 0.000384468 0.000384468 0.000384468 0.000384468 0.000384468 0.000384468 0.000384468 0.000384468 0.000384468 0.000384468 0.000384468 0.000384468 0.000384468 0.000384468 0.000384468 0.000384468 0.000384468 0.000384468 0.000384468 0.000384468 0.000384468 0.000384468 0.000384468 0.000384468 0.000384468 0.000384468 0.000384468 0.000384468 0.000384468 0.000384468 0.000384468 
0.000384468 0.000384468 0.000384468 0.000384468 0.000384468 0.000384468 0.000384468 0.000384468 0.000384468 0.000384468 0.000384468 0.000384468 0.000384468 0.000384468 0.000384468 0.000384468 0.000384468 0.000384468 0.000384468 0.000384468 0.000384468 0.000384468 0.000384468 0.000384468 0.000384468 0.000384468 0.000384468 0.000384468 0.000384468 0.000384468 0.000384468 0.000384468 0.000384468 0.000384468 0.000384468 0.000384468 0.000384468 0.000384468 0.000384468 0.000384468 0.000384468 0.000384468 0.000384468 0.000384468 0.000384468 0.000384468 0.000384468 0.000384468 0.000384468 0.000384468 0.000384468 
0.000384468 0.000384468 0.000384468 0.000384468 0.000384468 0.000384468 0.000384468 0.000384468 0.000384468 0.000384468 0.000384468 0.000384468 0.000384468 0.000384468 0.000384468 0.000384468 0.000384468 0.000384468 0.000384468 0.000384468 0.000384468 0.000384468 0.000384468 0.000384468 0.000384468 0.000384468 0.000384468 0.000384468 0.000384468 0.000384468 0.000384468 0.000384468 0.000384468 0.000384468 0.000384468 0.000384468 0.000384468 0.000384468 0.000384468 0.000384468 0.000384468 0.000384468 0.000384468 0.000384468 0.000384468 0.000384468 0.000384468 0.000384468 0.000384468 0.000384468 0.000384468 
0.000384468 0.000384468 0.000384468 0.000384468 0.000384468 0.000384468 0.000384468 0.000384468 0.000384468 0.000384468 0.000384468 0.000384468 0.000384468 0.000384468 0.000384468 0.000384468 0.000384468 0.000384468 0.000384468 0.000384468 0.000384468 0.000384468 0.000384468 0.000384468 0.000384468 0.000384468 0.000384468 0.000384468 0.000384468 0.000384468 0.000384468 0.000384468 0.000384468 0.000384468 0.000384468 0.000384468 0.000384468 0.000384468 0.000384468 0.000384468 0.000384468 0.000384468 0.000384468 0.000384468 0.000384468 0.000384468 0.000384468 0.000384468 0.000384468 0.000384468 0.000384468 
0.000384468 0.000384468 0.000384468 0.000384468 0.000384468 0.000384468 0.000384468 0.000384468 0.000384468 0.000384468 0.000384468 0.000384468 0.000384468 0.000384468 0.000384468 0.000384468 0.000384468 0.000384468 0.000384468 0.000384468 0.000384468 0.000384468 0.000384468 0.000384468 0.000384468 0.000384468 0.000384468 0.000384468 0.000384468 0.000384468 0.000384468 0.000384468 0.000384468 0.000384468 0.000384468 0.000384468 0.000384468 0.000384468 0.000384468 0.000384468 0.000384468 0.000384468 0.000384468 0.000384468 0.000384468 0.000384468 0.000384468 0.000384468 0.000384468 0.000384468 0.000384468 
0.000384468 0.000384468 0.000384468 0.000384468 0.000384468 0.000384468 0.000384468 0.000384468 0.000384468 0.000384468 0.000384468 0.000384468 0.000384468 0.000384468 0.000384468 0.000384468 0.000384468 0.000384468 0.000384468 0.000384468 0.000384468 0.000384468 0.000384468 0.000384468 0.000384468 0.000384468 0.000384468 0.000384468 0.000384468 0.000384468 0.000384468 0.000384468 0.000384468 0.000384468 0.000384468 0.000384468 0.000384468 0.000384468 0.000384468 0.000384468 0.000384468 0.000384468 0.000384468 0.000384468 0.000384468 0.000384468 0.000384468 0.000384468 0.000384468 0.000384468 0.000384468 
0.000384468 0.000384468 0.000384468 0.000384468 0.000384468 0.000384468 0.000384468 0.000384468 0.000384468 0.000384468 0.000384468 0.000384468 0.000384468 0.000384468 0.000384468 0.000384468 0.000384468 0.000384468 0.000384468 0.000384468 0.000384468 0.000384468 0.000384468 0.000384468 0.000384468 0.000384468 0.000384468 0.000384468 0.000384468 0.000384468 0.000384468 0.000384468 0.000384468 0.000384468 0.000384468 0.000384468 0.000384468 0.000384468 0.000384468 0.000384468 0.000384468 0.000384468 0.000384468 0.000384468 0.000384468 0.000384468 0.000384468 0.000384468 0.000384468 0.000384468 0.000384468 
0.000384468 0.000384468 0.000384468 0.000384468 0.000384468 0.000384468 0.000384468 0.000384468 0.000384468 0.000384468 0.000384468 0.000384468 0.000384468 0.000384468 0.000384468 0.000384468 0.000384468 0.000384468 0.000384468 0.000384468 0.000384468 0.000384468 0.000384468 0.000384468 0.000384468 0.000384468 0.000384468 0.000384468 0.000384468 0.000384468 0.000384468 0.000384468 0.000384468 0.000384468 0.000384468 0.000384468 0.000384468 0.000384468 0.000384468 0.000384468 0.000384468 0.000384468 0.000384468 0.000384468 0.000384468 0.000384468 0.000384468 0.000384468 0.000384468 0.000384468 0.000384468 
0.000384468 0.000384468 0.000384468 0.000384468 0.000384468 0.000384468 0.000384468 0.000384468 0.000384468 0.000384468 0.000384468 0.000384468 0.000384468 0.000384468 0.000384468 0.000384468 0.000384468 0.000384468 0.000384468 0.000384468 0.000384468 0.000384468 0.000384468 0.000384468 0.000384468 0.000384468 0.000384468 0.000384468 0.000384468 0.000384468 0.000384468 0.000384468 0.000384468 0.000384468 0.000384468 0.000384468 0.000384468 0.000384468 0.000384468 0.000384468 0.000384468 0.000384468 0.000384468 0.000384468 0.000384468 0.000384468 0.000384468 0.000384468 0.000384468 0.000384468 0.000384468 
0.000384468 0.000384468 0.000384468 0.000384468 0.000384468 0.000384468 0.000384468 0.000384468 0.000384468 0.000384468 0.000384468 0.000384468 0.000384468 0.000384468 0.000384468 0.000384468 0.000384468 0.000384468 0.000384468 0.000384468 0.000384468 0.000384468 0.000384468 0.000384468 0.000384468 0.000384468 0.000384468 0.000384468 0.000384468 0.000384468 0.000384468 0.000384468 0.000384468 0.000384468 0.000384468 0.000384468 0.000384468 0.000384468 0.000384468 0.000384468 0.000384468 0.000384468 0.000384468 0.000384468 0.000384468 0.000384468 0.000384468 0.000384468 0.000384468 0.000384468 0.000384468 
0.000384468 0.000384468 0.000384468 0.000384468 0.000384468 0.000384468 0.000384468 0.000384468 0.000384468 0.000384468 0.000384468 0.000384468 0.000384468 0.000384468 0.000384468 0.000384468 0.000384468 0.000384468 0.000384468 0.000384468 0.000384468 0.000384468 0.000384468 0.000384468 0.000384468 0.000384468 0.000384468 0.000384468 0.000384468 0.000384468 0.000384468 0.000384468 0.000384468 0.000384468 0.000384468 0.000384468 0.000384468 0.000384468 0.000384468 0.000384468 0.000384468 0.000384468 0.000384468 0.000384468 0.000384468 0.000384468 0.000384468 0.000384468 0.000384468 0.000384468 0.000384468 
0.000384468 0.000384468 0.000384468 0.000384468 0.000384468 0.000384468 0.000384468 0.000384468 0.000384468 0.000384468 0.000384468 0.000384468 0.000384468 0.000384468 0.000384468 0.000384468 0.000384468 0.000384468 0.000384468 0.000384468 0.000384468 0.000384468 0.000384468 0.000384468 0.000384468 0.000384468 0.000384468 0.000384468 0.000384468 0.000384468 0.000384468 0.000384468 0.000384468 0.000384468 0.000384468 0.000384468 0.000384468 0.000384468 0.000384468 0.000384468 0.000384468 0.000384468 0.000384468 0.000384468 0.000384468 0.000384468 0.000384468 0.000384468 0.000384468 0.000384468 0.000384468 
0.000384468 0.000384468 0.000384468 0.000384468 0.000384468 0.000384468 0.000384468 0.000384468 0.000384468 0.000384468 0.000384468 0.000384468 0.000384468 0.000384468 0.000384468 0.000384468 0.000384468 0.000384468 0.000384468 0.000384468 0.000384468 0.000384468 0.000384468 0.000384468 0.000384468 0.000384468 0.000384468 0.000384468 0.000384468 0.000384468 0.000384468 0.000384468 0.000384468 0.000384468 0.000384468 0.000384468 0.000384468 0.000384468 0.000384468 0.000384468 0.000384468 0.000384468 0.000384468 0.000384468 0.000384468 0.000384468 0.000384468 0.000384468 0.000384468 0.000384468 0.000384468 
0.000384468 0.000384468 0.000384468 0.000384468 0.000384468 0.000384468 0.000384468 0.000384468 0.000384468 0.000384468 0.000384468 0.000384468 0.000384468 0.000384468 0.000384468 0.000384468 0.000384468 0.000384468 0.000384468 0.000384468 0.000384468 0.000384468 0.000384468 0.000384468 0.000384468 0.000384468 0.000384468 0.000384468 0.000384468 0.000384468 0.000384468 0.000384468 0.000384468 0.000384468 0.000384468 0.000384468 0.000384468 0.000384468 0.000384468 0.000384468 0.000384468 0.000384468 0.000384468 0.000384468 0.000384468 0.000384468 0.000384468 0.000384468 0.000384468 0.000384468 0.000384468 
0.000384468 0.000384468 0.000384468 0.000384468 0.000384468 0.000384468 0.000384468 0.000384468 0.000384468 0.000384468 0.000384468 0.000384468 0.000384468 0.000384468 0.000384468 0.000384468 0.000384468 0.000384468 0.000384468 0.000384468 0.000384468 0.000384468 0.000384468 0.000384468 0.000384468 0.000384468 0.000384468 0.000384468 0.000384468 0.000384468 0.000384468 0.000384468 0.000384468 0.000384468 0.000384468 0.000384468 0.000384468 0.000384468 0.000384468 0.000384468 0.000384468 0.000384468 0.000384468 0.000384468 0.000384468 0.000384468 0.000384468 0.000384468 0.000384468 0.000384468 0.000384468 
0.000384468 0.000384468 0.000384468 0.000384468 0.000384468 0.000384468 0.000384468 0.000384468 0.000384468 0.000384468 0.000384468 0.000384468 0.000384468 0.000384468 0.000384468 0.000384468 0.000384468 0.000384468 0.000384468 0.000384468 0.000384468 0.000384468 0.000384468 0.000384468 0.000384468 0.000384468 0.000384468 0.000384468 0.000384468 0.000384468 0.000384468 0.000384468 0.000384468 0.000384468 0.000384468 0.000384468 0.000384468 0.000384468 0.000384468 0.000384468 0.000384468 0.000384468 0.000384468 0.000384468 0.000384468 0.000384468 0.000384468 0.000384468 0.000384468 0.000384468 0.000384468 
0.000384468 0.000384468 0.000384468 0.000384468 0.000384468 0.000384468 0.000384468 0.000384468 0.000384468 0.000384468 0.000384468 0.000384468 0.000384468 0.000384468 0.000384468 0.000384468 0.000384468 0.000384468 0.000384468 0.000384468 0.000384468 0.000384468 0.000384468 0.000384468 0.000384468 0.000384468 0.000384468 0.000384468 0.000384468 0.000384468 0.000384468 0.000384468 0.000384468 0.000384468 0.000384468 0.000384468 0.000384468 0.000384468 0.000384468 0.000384468 0.000384468 0.000384468 0.000384468 0.000384468 0.000384468 0.000384468 0.000384468 0.000384468 0.000384468 0.000384468 0.000384468 
0.000384468 0.000384468 0.000384468 0.000384468 0.000384468 0.000384468 0.000384468 0.000384468 0.000384468 0.000384468 0.000384468 0.000384468 0.000384468 0.000384468 0.000384468 0.000384468 0.000384468 0.000384468 0.000384468 0.000384468 0.000384468 0.000384468 0.000384468 0.000384468 0.000384468 0.000384468 0.000384468 0.000384468 0.000384468 0.000384468 0.000384468 0.000384468 0.000384468 0.000384468 0.000384468 0.000384468 0.000384468 0.000384468 0.000384468 0.000384468 0.000384468 0.000384468 0.000384468 0.000384468 0.000384468 0.000384468 0.000384468 0.000384468 0.000384468 0.000384468 0.000384468 
0.000384468 0.000384468 0.000384468 0.000384468 0.000384468 0.000384468 0.000384468 0.000384468 0.000384468 0.000384468 0.000384468 0.000384468 0.000384468 0.000384468 0.000384468 0.000384468 0.000384468 0.000384468 0.000384468 0.000384468 0.000384468 0.000384468 0.000384468 0.000384468 0.000384468 0.000384468 0.000384468 0.000384468 0.000384468 0.000384468 0.000384468 0.000384468 0.000384468 0.000384468 0.000384468 0.000384468 0.000384468 0.000384468 0.000384468 0.000384468 0.000384468 0.000384468 0.000384468 0.000384468 0.000384468 0.000384468 0.000384468 0.000384468 0.000384468 0.000384468 0.000384468 
0.000384468 0.000384468 0.000384468 0.000384468 0.000384468 0.000384468 0.000384468 0.000384468 0.000384468 0.000384468 0.000384468 0.000384468 0.000384468 0.000384468 0.000384468 0.000384468 0.000384468 0.000384468 0.000384468 0.000384468 0.000384468 0.000384468 0.000384468 0.000384468 0.000384468 0.000384468 0.000384468 0.000384468 0.000384468 0.000384468 0.000384468 0.000384468 0.000384468 0.000384468 0.000384468 0.000384468 0.000384468 0.000384468 0.000384468 0.000384468 0.000384468 0.000384468 0.000384468 0.000384468 0.000384468 0.000384468 0.000384468 0.000384468 0.000384468 0.000384468 0.000384468 
0.000384468 0.000384468 0.000384468 0.000384468 0.000384468 0.000384468 0.000384468 0.000384468 0.000384468 0.000384468 0.000384468 0.000384468 0.000384468 0.000384468 0.000384468 0.000384468 0.000384468 0.000384468 0.000384468 0.000384468 0.000384468 0.000384468 0.000384468 0.000384468 0.000384468 0.000384468 0.000384468 0.000384468 0.000384468 0.000384468 0.000384468 0.000384468 0.000384468 0.000384468 0.000384468 0.000384468 0.000384468 0.000384468 0.000384468 0.000384468 0.000384468 0.000384468 0.000384468 0.000384468 0.000384468 0.000384468 0.000384468 0.000384468 0.000384468 0.000384468 0.000384468 
0.000384468 0.000384468 0.000384468 0.000384468 0.000384468 0.000384468 0.000384468 0.000384468 0.000384468 0.000384468 0.000384468 0.000384468 0.000384468 0.000384468 0.000384468 0.000384468 0.000384468 0.000384468 0.000384468 0.000384468 0.000384468 0.000384468 0.000384468 0.000384468 0.000384468 0.000384468 0.000384468 0.000384468 0.000384468 0.000384468 0.000384468 0.000384468 0.000384468 0.000384468 0.000384468 0.000384468 0.000384468 0.000384468 0.000384468 0.000384468 0.000384468 0.000384468 0.000384468 0.000384468 0.000384468 0.000384468 0.000384468 0.000384468 0.000384468 0.000384468 0.000384468 
0.000384468 0.000384468 0.000384468 0.000384468 0.000384468 0.000384468 0.000384468 0.000384468 0.000384468 0.000384468 0.000384468 0.000384468 0.000384468 0.000384468 0.000384468 0.000384468 0.000384468 0.000384468 0.000384468 0.000384468 0.000384468 0.000384468 0.000384468 0.000384468 0.000384468 0.000384468 0.000384468 0.000384468 0.000384468 0.000384468 0.000384468 0.000384468 0.000384468 0.000384468 0.000384468 0.000384468 0.000384468 0.000384468 0.000384468 0.000384468 0.000384468 0.000384468 0.000384468 0.000384468 0.000384468 0.000384468 0.000384468 0.000384468 0.000384468 0.000384468 0.000384468 
0.000384468 0.000384468 0.000384468 0.000384468 0.000384468 0.000384468 0.000384468 0.000384468 0.000384468 0.000384468 0.000384468 0.000384468 0.000384468 0.000384468 0.000384468 0.000384468 0.000384468 0.000384468 0.000384468 0.000384468 0.000384468 0.000384468 0.000384468 0.000384468 0.000384468 0.000384468 0.000384468 0.000384468 0.000384468 0.000384468 0.000384468 0.000384468 0.000384468 0.000384468 0.000384468 0.000384468 0.000384468 0.000384468 0.000384468 0.000384468 0.000384468 0.000384468 0.000384468 0.000384468 0.000384468 0.000384468 0.000384468 0.000384468 0.000384468 0.000384468 0.000384468 
0.000384468 0.000384468 0.000384468 0.000384468 0.000384468 0.000384468 0.000384468 0.000384468 0.000384468 0.000384468 0.000384468 0.000384468 0.000384468 0.000384468 0.000384468 0.000384468 0.000384468 0.000384468 0.000384468 0.000384468 0.000384468 0.000384468 0.000384468 0.000384468 0.000384468 0.000384468 0.000384468 0.000384468 0.000384468 0.000384468 0.000384468 0.000384468 0.000384468 0.000384468 0.000384468 0.000384468 0.000384468 0.000384468 0.000384468 0.000384468 0.000384468 0.000384468 0.000384468 0.000384468 0.000384468 0.000384468 0.000384468 0.000384468 0.000384468 0.000384468 0.000384468 
0.000384468 0.000384468 0.000384468 0.000384468 0.000384468 0.000384468 0.000384468 0.000384468 0.000384468 0.000384468 0.000384468 0.000384468 0.000384468 0.000384468 0.000384468 0.000384468 0.000384468 0.000384468 0.000384468 0.000384468 0.000384468 0.000384468 0.000384468 0.000384468 0.000384468 0.000384468 0.000384468 0.000384468 0.000384468 0.000384468 0.000384468 0.000384468 0.000384468 0.000384468 0.000384468 0.000384468 0.000384468 0.000384468 0.000384468 0.000384468 0.000384468 0.000384468 0.000384468 0.000384468 0.000384468 0.000384468 0.000384468 0.000384468 0.000384468 0.000384468 0.000384468 
0.000384468 0.000384468 0.000384468 0.000384468 0.000384468 0.000384468 0.000384468 0.000384468 0.000384468 0.000384468 0.000384468 0.000384468 0.000384468 0.000384468 0.000384468 0.000384468 0.000384468 0.000384468 0.000384468 0.000384468 0.000384468 0.000384468 0.000384468 0.000384468 0.000384468 0.000384468 0.000384468 0.000384468 0.000384468 0.000384468 0.000384468 0.000384468 0.000384468 0.000384468 0.000384468 0.000384468 0.000384468 0.000384468 0.000384468 0.000384468 0.000384468 0.000384468 0.000384468 0.000384468 0.000384468 0.000384468 0.000384468 0.000384468 0.000384468 0.000384468 0.000384468 
0.000384468 0.000384468 0.000384468 0.000384468 0.000384468 0.000384468 0.000384468 0.000384468 0.000384468 0.000384468 0.000384468 0.000384468 0.000384468 0.000384468 0.000384468 0.000384468 0.000384468 0.000384468 0.000384468 0.000384468 0.000384468 0.000384468 0.000384468 0.000384468 0.000384468 0.000384468 0.000384468 0.000384468 0.000384468 0.000384468 0.000384468 0.000384468 0.000384468 0.000384468 0.000384468 0.000384468 0.000384468 0.000384468 0.000384468 0.000384468 0.000384468 0.000384468 0.000384468 0.000384468 0.000384468 0.000384468 0.000384468 0.000384468 0.000384468 0.000384468 0.000384468 
0.000384468 0.000384468 0.000384468 0.000384468 0.000384468 0.000384468 0.000384468 0.000384468 0.000384468 0.000384468 0.000384468 0.000384468 0.000384468 0.000384468 0.000384468 0.000384468 0.000384468 0.000384468 0.000384468 0.000384468 0.000384468 0.000384468 0.000384468 0.000384468 0.000384468 0.000384468 0.000384468 0.000384468 0.000384468 0.000384468 0.000384468 0.000384468 0.000384468 0.000384468 0.000384468 0.000384468 0.000384468 0.000384468 0.000384468 0.000384468 0.000384468 0.000384468 0.000384468 0.000384468 0.000384468 0.000384468 0.000384468 0.000384468 0.000384468 0.000384468 0.000384468 
0.000384468 0.000384468 0.000384468 0.000384468 0.000384468 0.000384468 0.000384468 0.000384468 0.000384468 0.000384468 0.000384468 0.000384468 0.000384468 0.000384468 0.000384468 0.000384468 0.000384468 0.000384468 0.000384468 0.000384468 0.000384468 0.000384468 0.000384468 0.000384468 0.000384468 0.000384468 0.000384468 0.000384468 0.000384468 0.000384468 0.000384468 0.000384468 0.000384468 0.000384468 0.000384468 0.000384468 0.000384468 0.000384468 0.000384468 0.000384468 0.000384468 0.000384468 0.000384468 0.000384468 0.000384468 0.000384468 0.000384468 0.000384468 0.000384468 0.000384468 0.000384468 
0.000384468 0.000384468 0.000384468 0.000384468 0.000384468 0.000384468 0.000384468 0.000384468 0.000384468 0.000384468 0.000384468 0.000384468 0.000384468 0.000384468 0.000384468 0.000384468 0.000384468 0.000384468 0.000384468 0.000384468 0.000384468 0.000384468 0.000384468 0.000384468 0.000384468 0.000384468 0.000384468 0.000384468 0.000384468 0.000384468 0.000384468 0.000384468 0.000384468 0.000384468 0.000384468 0.000384468 0.000384468 0.000384468 0.000384468 0.000384468 0.000384468 0.000384468 0.000384468 0.000384468 0.000384468 0.000384468 0.000384468 0.000384468 0.000384468 0.000384468 0.000384468 
0.000384468 0.000384468 0.000384468 0.000384468 0.000384468 0.000384468 0.000384468 0.000384468 0.000384468 0.000384468 0.000384468 0.000384468 0.000384468 0.000384468 0.000384468 0.000384468 0.000384468 0.000384468 0.000384468 0.000384468 0.000384468 0.000384468 0.000384468 0.000384468 0.000384468 0.000384468 0.000384468 0.000384468 0.000384468 0.000384468 0.000384468 0.000384468 0.000384468 0.000384468 0.000384468 0.000384468 0.000384468 0.000384468 0.000384468 0.000384468 0.000384468 0.000384468 0.000384468 0.000384468 0.000384468 0.000384468 0.000384468 0.000384468 0.000384468 0.000384468 0.000384468 
0.000384468 0.000384468 0.000384468 0.000384468 0.000384468 0.000384468 0.000384468 0.000384468 0.000384468 0.000384468 0.000384468 0.000384468 0.000384468 0.000384468 0.000384468 0.000384468 0.000384468 0.000384468 0.000384468 0.000384468 0.000384468 0.000384468 0.000384468 0.000384468 0.000384468 0.000384468 0.000384468 0.000384468 0.000384468 0.000384468 0.000384468 0.000384468 0.000384468 0.000384468 0.000384468 0.000384468 0.000384468 0.000384468 0.000384468 0.000384468 0.000384468 0.000384468 0.000384468 0.000384468 0.000384468 0.000384468 0.000384468 0.000384468 0.000384468 0.000384468 0.000384468 
0.000384468 0.000384468 0.000384468 0.000384468 0.000384468 0.000384468 0.000384468 0.000384468 0.000384468 0.000384468 0.000384468 0.000384468 0.000384468 0.000384468 0.000384468 0.000384468 0.000384468 0.000384468 0.000384468 0.000384468 0.000384468 0.000384468 0.000384468 0.000384468 0.000384468 0.000384468 0.000384468 0.000384468 0.000384468 0.000384468 0.000384468 0.000384468 0.000384468 0.000384468 0.000384468 0.000384468 0.000384468 0.000384468 0.000384468 0.000384468 0.000384468 0.000384468 0.000384468 0.000384468 0.000384468 0.000384468 0.000384468 0.000384468 0.000384468 0.000384468 0.000384468 
0.000384468 0.000384468 0.000384468 0.000384468 0.000384468 0.000384468 0.000384468 0.000384468 0.000384468 0.000384468 0.000384468 0.000384468 0.000384468 0.000384468 0.000384468 0.000384468 0.000384468 0.000384468 0.000384468 0.000384468 0.000384468 0.000384468 0.000384468 0.000384468 0.000384468 0.000384468 0.000384468 0.000384468 0.000384468 0.000384468 0.000384468 0.000384468 0.000384468 0.000384468 0.000384468 0.000384468 0.000384468 0.000384468 0.000384468 0.000384468 0.000384468 0.000384468 0.000384468 0.000384468 0.000384468 0.000384468 0.000384468 0.000384468 0.000384468 0.000384468 0.000384468 
0.000384468 0.000384468 0.000384468 0.000384468 0.000384468 0.000384468 0.000384468 0.000384468 0.000384468 0.000384468 0.000384468 0.000384468 0.000384468 0.000384468 0.000384468 0.000384468 0.000384468 0.000384468 0.000384468 0.000384468 0.000384468 0.000384468 0.000384468 0.000384468 0.000384468 0.000384468 0.000384468 0.000384468 0.000384468 0.000384468 0.000384468 0.000384468 0.000384468 0.000384468 0.000384468 0.000384468 0.000384468 0.000384468 0.000384468 0.000384468 0.000384468 0.000384468 0.000384468 0.000384468 0.000384468 0.000384468 0.000384468 0.000384468 0.000384468 0.000384468 0.000384468 
0.000384468 0.000384468 0.000384468 0.000384468 0.000384468 0.000384468 0.000384468 0.000384468 0.000384468 0.000384468 0.000384468 0.000384468 0.000384468 0.000384468 0.000384468 0.000384468 0.000384468 0.000384468 0.000384468 0.000384468 0.000384468 0.000384468 0.000384468 0.000384468 0.000384468 0.000384468 0.000384468 0.000384468 0.000384468 0.000384468 0.000384468 0.000384468 0.000384468 0.000384468 0.000384468 0.000384468 0.000384468 0.000384468 0.000384468 0.000384468 0.000384468 0.000384468 0.000384468 0.000384468 0.000384468 0.000384468 0.000384468 0.000384468 0.000384468 0.000384468 0.000384468 
0.000384468 0.000384468 0.000384468 0.000384468 0.000384468 0.000384468 0.000384468 0.000384468 0.000384468 0.000384468 0.000384468 0.000384468 0.000384468 0.000384468 0.000384468 0.000384468 0.000384468 0.000384468 0.000384468 0.000384468 0.000384468 0.000384468 0.000384468 0.000384468 0.000384468 0.000384468 0.000384468 0.000384468 0.000384468 0.000384468 0.000384468 0.000384468 0.000384468 0.000384468 0.000384468 0.000384468 0.000384468 0.000384468 0.000384468 0.000384468 0.000384468 0.000384468 0.000384468 0.000384468 0.000384468 0.000384468 0.000384468 0.000384468 0.000384468 0.000384468 0.000384468 
0.000384468 0.000384468 0.000384468 0.000384468 0.000384468 0.000384468 0.000384468 0.000384468 0.000384468 0.000384468 0.000384468 0.000384468 0.000384468 0.000384468 0.000384468 0.000384468 0.000384468 0.000384468 0.000384468 0.000384468 0.000384468 0.000384468 0.000384468 0.000384468 0.000384468 0.000384468 0.000384468 0.000384468 0.000384468 0.000384468 0.000384468 0.000384468 0.000384468 0.000384468 0.000384468 0.000384468 0.000384468 0.000384468 0.000384468 0.000384468 0.000384468 0.000384468 0.000384468 0.000384468 0.000384468 0.000384468 0.000384468 0.000384468 0.000384468 0.000384468 0.000384468 
0.000384468 0.000384468 0.000384468 0.000384468 0.000384468 0.000384468 0.000384468 0.000384468 0.000384468 0.000384468 0.000384468 0.000384468 0.000384468 0.000384468 0.000384468 0.000384468 0.000384468 0.000384468 0.000384468 0.000384468 0.000384468 0.000384468 0.000384468 0.000384468 0.000384468 0.000384468 0.000384468 0.000384468 0.000384468 0.000384468 0.000384468 0.000384468 0.000384468 0.000384468 0.000384468 0.000384468 0.000384468 0.000384468 0.000384468 0.000384468 0.000384468 0.000384468 0.000384468 0.000384468 0.000384468 0.000384468 0.000384468 0.000384468 0.000384468 0.000384468 0.000384468 
0.000384468 0.000384468 0.000384468 0.000384468 0.000384468 0.000384468 0.000384468 0.000384468 0.000384468 0.000384468 0.000384468 0.000384468 0.000384468 0.000384468 0.000384468 0.000384468 0.000384468 0.000384468 0.000384468 0.000384468 0.000384468 0.000384468 0.000384468 0.000384468 0.000384468 0.000384468 0.000384468 0.000384468 0.000384468 0.000384468 0.000384468 0.000384468 0.000384468 0.000384468 0.000384468 0.000384468 0.000384468 0.000384468 0.000384468 0.000384468 0.000384468 0.000384468 0.000384468 0.000384468 0.000384468 0.000384468 0.000384468 0.000384468 0.000384468 0.000384468 0.000384468 
0.000384468 0.000384468 0.000384468 0.000384468 0.000384468 0.000384468 0.000384468 0.000384468 0.000384468 0.000384468 0.000384468 0.000384468 0.000384468 0.000384468 0.000384468 0.000384468 0.000384468 0.000384468 0.000384468 0.000384468 0.000384468 0.000384468 0.000384468 0.000384468 0.000384468 0.000384468 0.000384468 0.000384468 0.000384468 0.000384468 0.000384468 0.000384468 0.000384468 0.000384468 0.000384468 0.000384468 0.000384468 0.000384468 0.000384468 0.000384468 0.000384468 0.000384468 0.000384468 0.000384468 0.000384468 0.000384468 0.000384468 0.000384468 0.000384468 0.000384468 0.000384468 
0.000384468 0.000384468 0.000384468 0.000384468 0.000384468 0.000384468 0.000384468 0.000384468 0.000384468 0.000384468 0.000384468 0.000384468 0.000384468 0.000384468 0.000384468 0.000384468 0.000384468 0.000384468 0.000384468 0.000384468 0.000384468 0.000384468 0.000384468 0.000384468 0.000384468 0.000384468 0.000384468 0.000384468 0.000384468 0.000384468 0.000384468 0.000384468 0.000384468 0.000384468 0.000384468 0.000384468 0.000384468 0.000384468 0.000384468 0.000384468 0.000384468 0.000384468 0.000384468 0.000384468 0.000384468 0.000384468 0.000384468 0.000384468 0.000384468 0.000384468 0.000384468 
0.000384468 0.000384468 0.000384468 0.000384468 0.000384468 0.000384468 0.000384468 0.000384468 0.000384468 0.000384468 0.000384468 0.000384468 0.000384468 0.000384468 0.000384468 0.000384468 0.000384468 0.000384468 0.000384468 0.000384468 0.000384468 0.000384468 0.000384468 0.000384468 0.000384468 0.000384468 0.000384468 0.000384468 0.000384468 0.000384468 0.000384468 0.000384468 0.000384468 0.000384468 0.000384468 0.000384468 0.000384468 0.000384468 0.000384468 0.000384468 0.000384468 0.000384468 0.000384468 0.000384468 0.000384468 0.000384468 0.000384468 0.000384468 0.000384468 0.000384468 0.000384468 
0.000384468 0.000384468 0.000384468 0.000384468 0.000384468 0.000384468 0.000384468 0.000384468 0.000384468 0.000384468 0.000384468 0.000384468 0.000384468 0.000384468 0.000384468 0.000384468 0.000384468 0.000384468 0.000384468 0.000384468 0.000384468 0.000384468 0.000384468 0.000384468 0.000384468 0.000384468 0.000384468 0.000384468 0.000384468 0.000384468 0.000384468 0.000384468 0.000384468 0.000384468 0.000384468 0.000384468 0.000384468 0.000384468 0.000384468 0.000384468 0.000384468 0.000384468 0.000384468 0.000384468 0.000384468 0.000384468 0.000384468 0.000384468 0.000384468 0.000384468 0.000384468 
0.000384468 0.000384468 0.000384468 0.000384468 0.000384468 0.000384468 0.000384468 0.000384468 0.000384468 0.000384468 0.000384468 0.000384468 0.000384468 0.000384468 0.000384468 0.000384468 0.000384468 0.000384468 0.000384468 0.000384468 0.000384468 0.000384468 0.000384468 0.000384468 0.000384468 0.000384468 0.000384468 0.000384468 0.000384468 0.000384468 0.000384468 0.000384468 0.000384468 0.000384468 0.000384468 0.000384468 0.000384468 0.000384468 0.000384468 0.000384468 0.000384468 0.000384468 0.000384468 0.000384468 0.000384468 0.000384468 0.000384468 0.000384468 0.000384468 0.000384468 0.000384468 
0.000384468 0.000384468 0.000384468 0.000384468 0.000384468 0.000384468 0.000384468 0.000384468 0.000384468 0.000384468 0.000384468 0.000384468 0.000384468 0.000384468 0.000384468 0.000384468 0.000384468 0.000384468 0.000384468 0.000384468 0.000384468 0.000384468 0.000384468 0.000384468 0.000384468 0.000384468 0.000384468 0.000384468 0.000384468 0.000384468 0.000384468 0.000384468 0.000384468 0.000384468 0.000384468 0.000384468 0.000384468 0.000384468 0.000384468 0.000384468 0.000384468 0.000384468 0.000384468 0.000384468 0.000384468 0.000384468 0.000384468 0.000384468 0.000384468 0.000384468 0.000384468 
0.000384468 0.000384468 0.000384468 0.000384468 0.000384468 0.000384468 0.000384468 0.000384468 0.000384468 0.000384468 0.000384468 0.000384468 0.000384468 0.000384468 0.000384468 0.000384468 0.000384468 0.000384468 0.000384468 0.000384468 0.000384468 0.000384468 0.000384468 0.000384468 0.000384468 0.000384468 0.000384468 0.000384468 0.000384468 0.000384468 0.000384468 0.000384468 0.000384468 0.000384468 0.000384468 0.000384468 0.000384468 0.000384468 0.000384468 0.000384468 0.000384468 0.000384468 0.000384468 0.000384468 0.000384468 0.000384468 0.000384468 0.000384468 0.000384468 0.000384468 0.000384468 
0.000384468 0.000384468 0.000384468 0.000384468 0.000384468 0.000384468 0.000384468 0.000384468 0.000384468 0.000384468 0.000384468 0.000384468 0.000384468 0.000384468 0.000384468 0.000384468 0.000384468 0.000384468 0.000384468 0.000384468 0.000384468 0.000384468 0.000384468 0.000384468 0.000384468 0.000384468 0.000384468 0.000384468 0.000384468 0.000384468 0.000384468 0.000384468 0.000384468 0.000384468 0.000384468 0.000384468 0.000384468 0.000384468 0.000384468 0.000384468 0.000384468 0.000384468 0.000384468 0.000384468 0.000384468 0.000384468 0.000384468 0.000384468 0.000384468 0.000384468 0.000384468 
